1.7500E-01 8.2666E-01  8.0447E+00  9.5081E-02  7.9497E+00
1.7500E-01 6.6666E-01  7.8155E+00  1.8804E-01  7.6275E+00
1.7500E-01 6.5263E-01  7.7730E+00  2.1130E-01  7.5617E+00
1.7500E-01 6.3917E-01  7.7258E+00  2.3791E-01  7.4879E+00
1.7500E-01 6.2626E-01  7.6747E+00  2.6694E-01  7.4078E+00
1.7500E-01 6.1386E-01  7.6149E+00  3.0229E-01  7.3126E+00
1.7500E-01 6.0194E-01  7.5459E+00  3.4577E-01  7.2001E+00
1.7500E-01 5.9047E-01  7.4667E+00  3.9707E-01  7.0697E+00
1.7500E-01 5.7943E-01  7.3728E+00  4.5943E-01  6.9134E+00
1.7500E-01 5.6880E-01  7.2626E+00  5.3603E-01  6.7265E+00
1.7500E-01 5.5855E-01  7.1303E+00  6.3028E-01  6.5000E+00
1.7500E-01 8.0519E-01  8.0302E+00  1.0008E-01  7.9301E+00
1.7500E-01 5.4867E-01  6.9696E+00  7.4505E-01  6.2245E+00
1.7500E-01 5.3913E-01  6.7729E+00  8.8886E-01  5.8840E+00
1.7500E-01 5.2991E-01  6.5382E+00  1.0688E+00  5.4693E+00
1.7500E-01 5.2100E-01  6.2721E+00  1.2859E+00  4.9862E+00
1.7500E-01 5.1239E-01  6.0043E+00  1.5287E+00  4.4757E+00
1.7500E-01 5.0406E-01  5.7927E+00  1.7758E+00  4.0169E+00
1.7500E-01 4.9600E-01  5.6861E+00  1.9929E+00  3.6933E+00
1.7500E-01 4.8818E-01  5.6987E+00  2.1571E+00  3.5415E+00
1.7500E-01 4.8062E-01  5.8057E+00  2.2646E+00  3.5412E+00
1.7500E-01 4.7328E-01  5.9619E+00  2.3262E+00  3.6357E+00
1.7500E-01 7.8481E-01  8.0130E+00  1.0724E-01  7.9058E+00
1.7500E-01 4.6616E-01  6.1222E+00  2.3594E+00  3.7628E+00
1.7500E-01 4.5925E-01  6.2622E+00  2.3777E+00  3.8845E+00
1.7500E-01 4.5255E-01  6.3744E+00  2.3904E+00  3.9840E+00
1.7500E-01 4.4604E-01  6.4618E+00  2.4032E+00  4.0586E+00
1.7500E-01 4.3971E-01  6.5319E+00  2.4184E+00  4.1135E+00
1.7500E-01 4.3356E-01  6.5935E+00  2.4359E+00  4.1576E+00
1.7500E-01 4.2758E-01  6.6521E+00  2.4535E+00  4.1986E+00
1.7500E-01 4.2176E-01  6.7100E+00  2.4697E+00  4.2404E+00
1.7500E-01 4.1610E-01  6.7660E+00  2.4836E+00  4.2823E+00
1.7500E-01 4.1059E-01  6.8168E+00  2.4960E+00  4.3208E+00
1.7500E-01 7.6543E-01  7.9931E+00  1.1946E-01  7.8737E+00
1.7500E-01 4.0522E-01  6.8594E+00  2.5078E+00  4.3516E+00
1.7500E-01 4.0000E-01  6.8947E+00  2.5202E+00  4.3744E+00
1.7500E-01 3.9490E-01  6.9228E+00  2.5341E+00  4.3887E+00
1.7500E-01 3.8993E-01  6.9458E+00  2.5498E+00  4.3959E+00
1.7500E-01 3.8509E-01  6.9641E+00  2.5683E+00  4.3959E+00
1.7500E-01 3.8036E-01  6.9817E+00  2.5883E+00  4.3934E+00
1.7500E-01 3.7575E-01  7.0009E+00  2.6097E+00  4.3912E+00
1.7500E-01 3.7125E-01  7.0236E+00  2.6310E+00  4.3926E+00
1.7500E-01 3.6686E-01  7.0513E+00  2.6517E+00  4.3995E+00
1.7500E-01 3.6257E-01  7.0841E+00  2.6708E+00  4.4133E+00
1.7500E-01 7.4698E-01  7.9709E+00  1.2757E-01  7.8433E+00
1.7500E-01 3.5838E-01  7.1217E+00  2.6882E+00  4.4335E+00
1.7500E-01 3.5428E-01  7.1633E+00  2.7030E+00  4.4603E+00
1.7500E-01 3.5028E-01  7.2076E+00  2.7154E+00  4.4921E+00
1.7500E-01 3.4636E-01  7.2540E+00  2.7248E+00  4.5292E+00
1.7500E-01 3.4254E-01  7.3002E+00  2.7316E+00  4.5685E+00
1.7500E-01 3.3879E-01  7.3459E+00  2.7361E+00  4.6098E+00
1.7500E-01 3.3513E-01  7.3892E+00  2.7385E+00  4.6507E+00
1.7500E-01 3.3155E-01  7.4300E+00  2.7392E+00  4.6909E+00
1.7500E-01 3.2804E-01  7.4681E+00  2.7380E+00  4.7301E+00
1.7500E-01 3.2460E-01  7.5027E+00  2.7355E+00  4.7672E+00
1.7500E-01 7.2941E-01  7.9460E+00  1.3494E-01  7.8111E+00
1.7500E-01 3.2124E-01  7.5340E+00  2.7320E+00  4.8021E+00
1.7500E-01 3.1794E-01  7.5624E+00  2.7273E+00  4.8351E+00
1.7500E-01 3.1472E-01  7.5871E+00  2.7222E+00  4.8648E+00
1.7500E-01 3.1155E-01  7.6084E+00  2.7169E+00  4.8916E+00
1.7500E-01 3.0845E-01  7.6260E+00  2.7116E+00  4.9144E+00
1.7500E-01 3.0541E-01  7.6398E+00  2.7069E+00  4.9329E+00
1.7500E-01 3.0243E-01  7.6503E+00  2.7025E+00  4.9479E+00
1.7500E-01 2.9951E-01  7.6577E+00  2.6983E+00  4.9594E+00
1.7500E-01 2.9665E-01  7.6620E+00  2.6943E+00  4.9677E+00
1.7500E-01 2.9383E-01  7.6635E+00  2.6906E+00  4.9729E+00
1.7500E-01 7.1264E-01  7.9181E+00  1.4389E-01  7.7742E+00
1.7500E-01 2.9107E-01  7.6623E+00  2.6873E+00  4.9750E+00
1.7500E-01 2.8837E-01  7.6585E+00  2.6843E+00  4.9742E+00
1.7500E-01 2.8571E-01  7.6523E+00  2.6817E+00  4.9707E+00
1.7500E-01 2.8310E-01  7.6438E+00  2.6794E+00  4.9644E+00
1.7500E-01 2.8054E-01  7.6331E+00  2.6776E+00  4.9555E+00
1.7500E-01 2.7802E-01  7.6203E+00  2.6761E+00  4.9442E+00
1.7500E-01 6.9662E-01  7.8877E+00  1.5624E-01  7.7314E+00
1.7500E-01 6.8131E-01  7.8532E+00  1.7081E-01  7.6824E+00
