4.5000E-02 8.2666E-01  9.1907E-02  5.8318E-02  3.3589E-02
4.5000E-02 6.6666E-01  2.2918E-01  1.3851E-01  9.0674E-02
4.5000E-02 6.5263E-01  2.7812E-01  1.7494E-01  1.0317E-01
4.5000E-02 6.3917E-01  3.2867E-01  2.1239E-01  1.1628E-01
4.5000E-02 6.2626E-01  3.7695E-01  2.4415E-01  1.3281E-01
4.5000E-02 6.1386E-01  4.5233E-01  2.9820E-01  1.5413E-01
4.5000E-02 6.0194E-01  5.5942E-01  3.7963E-01  1.7979E-01
4.5000E-02 5.9047E-01  6.9166E-01  4.8017E-01  2.1149E-01
4.5000E-02 5.7943E-01  8.7743E-01  6.2279E-01  2.5464E-01
4.5000E-02 5.6880E-01  1.1667E+00  8.5249E-01  3.1425E-01
4.5000E-02 5.5855E-01  1.6299E+00  1.2317E+00  3.9823E-01
4.5000E-02 8.0519E-01  9.3896E-02  5.6340E-02  3.7556E-02
4.5000E-02 5.4867E-01  2.3932E+00  1.8738E+00  5.1941E-01
4.5000E-02 5.3913E-01  3.7304E+00  3.0244E+00  7.0603E-01
4.5000E-02 5.2991E-01  6.8230E+00  5.3391E+00  1.4838E+00
4.5000E-02 5.2100E-01  4.2895E+00  2.4589E+00  1.8306E+00
4.5000E-02 5.1239E-01  3.8150E+00  2.4288E+00  1.3862E+00
4.5000E-02 5.0406E-01  3.3360E+00  2.2980E+00  1.0380E+00
4.5000E-02 4.9600E-01  2.9201E+00  2.1180E+00  8.0217E-01
4.5000E-02 4.8818E-01  2.6164E+00  1.9474E+00  6.6900E-01
4.5000E-02 4.8062E-01  2.4254E+00  1.8167E+00  6.0873E-01
4.5000E-02 4.7328E-01  2.3227E+00  1.7299E+00  5.9278E-01
4.5000E-02 7.8481E-01  1.0657E-01  6.4434E-02  4.2133E-02
4.5000E-02 4.6616E-01  2.2775E+00  1.6782E+00  5.9930E-01
4.5000E-02 4.5925E-01  2.2673E+00  1.6516E+00  6.1566E-01
4.5000E-02 4.5255E-01  2.2761E+00  1.6413E+00  6.3476E-01
4.5000E-02 4.4604E-01  2.2930E+00  1.6402E+00  6.5282E-01
4.5000E-02 4.3971E-01  2.3118E+00  1.6433E+00  6.6853E-01
4.5000E-02 4.3356E-01  2.3295E+00  1.6473E+00  6.8227E-01
4.5000E-02 4.2758E-01  2.3486E+00  1.6525E+00  6.9609E-01
4.5000E-02 4.2176E-01  2.3709E+00  1.6595E+00  7.1135E-01
4.5000E-02 4.1610E-01  2.3982E+00  1.6696E+00  7.2863E-01
4.5000E-02 4.1059E-01  2.4300E+00  1.6829E+00  7.4715E-01
4.5000E-02 7.6543E-01  1.3810E-01  9.1132E-02  4.6970E-02
4.5000E-02 4.0522E-01  2.4657E+00  1.6997E+00  7.6595E-01
4.5000E-02 4.0000E-01  2.5027E+00  1.7188E+00  7.8396E-01
4.5000E-02 3.9490E-01  2.5395E+00  1.7392E+00  8.0037E-01
4.5000E-02 3.8993E-01  2.5745E+00  1.7597E+00  8.1473E-01
4.5000E-02 3.8509E-01  2.6055E+00  1.7794E+00  8.2610E-01
4.5000E-02 3.8036E-01  2.6331E+00  1.7975E+00  8.3559E-01
4.5000E-02 3.7575E-01  2.6569E+00  1.8134E+00  8.4351E-01
4.5000E-02 3.7125E-01  2.6787E+00  1.8274E+00  8.5126E-01
4.5000E-02 3.6686E-01  2.6995E+00  1.8399E+00  8.5961E-01
4.5000E-02 3.6257E-01  2.7213E+00  1.8517E+00  8.6963E-01
4.5000E-02 7.4698E-01  1.4955E-01  9.8459E-02  5.1093E-02
4.5000E-02 3.5838E-01  2.7447E+00  1.8632E+00  8.8151E-01
4.5000E-02 3.5428E-01  2.7714E+00  1.8754E+00  8.9593E-01
4.5000E-02 3.5028E-01  2.8012E+00  1.8886E+00  9.1268E-01
4.5000E-02 3.4636E-01  2.8356E+00  1.9032E+00  9.3236E-01
4.5000E-02 3.4254E-01  2.8734E+00  1.9194E+00  9.5403E-01
4.5000E-02 3.3879E-01  2.9147E+00  1.9370E+00  9.7766E-01
4.5000E-02 3.3513E-01  2.9587E+00  1.9561E+00  1.0026E+00
4.5000E-02 3.3155E-01  3.0051E+00  1.9765E+00  1.0286E+00
4.5000E-02 3.2804E-01  3.0539E+00  1.9983E+00  1.0556E+00
4.5000E-02 3.2460E-01  3.1043E+00  2.0213E+00  1.0831E+00
4.5000E-02 7.2941E-01  1.5665E-01  1.0013E-01  5.6526E-02
4.5000E-02 3.2124E-01  3.1560E+00  2.0452E+00  1.1108E+00
4.5000E-02 3.1794E-01  3.2091E+00  2.0701E+00  1.1390E+00
4.5000E-02 3.1472E-01  3.2624E+00  2.0958E+00  1.1666E+00
4.5000E-02 3.1155E-01  3.3161E+00  2.1223E+00  1.1938E+00
4.5000E-02 3.0845E-01  3.3695E+00  2.1494E+00  1.2201E+00
4.5000E-02 3.0541E-01  3.4222E+00  2.1773E+00  1.2450E+00
4.5000E-02 3.0243E-01  3.4745E+00  2.2057E+00  1.2688E+00
4.5000E-02 2.9951E-01  3.5263E+00  2.2347E+00  1.2916E+00
4.5000E-02 2.9665E-01  3.5774E+00  2.2642E+00  1.3132E+00
4.5000E-02 2.9383E-01  3.6280E+00  2.2943E+00  1.3337E+00
4.5000E-02 7.1264E-01  1.6498E-01  1.0160E-01  6.3378E-02
4.5000E-02 2.9107E-01  3.6776E+00  2.3247E+00  1.3530E+00
4.5000E-02 2.8837E-01  3.7259E+00  2.3551E+00  1.3708E+00
4.5000E-02 2.8571E-01  3.7728E+00  2.3856E+00  1.3871E+00
4.5000E-02 2.8310E-01  3.8176E+00  2.4159E+00  1.4018E+00
4.5000E-02 2.8054E-01  3.8598E+00  2.4454E+00  1.4144E+00
4.5000E-02 2.7802E-01  3.8984E+00  2.4737E+00  1.4248E+00
4.5000E-02 6.9662E-01  1.8415E-01  1.1308E-01  7.1073E-02
4.5000E-02 6.8131E-01  2.0351E-01  1.2365E-01  7.9856E-02
