4.5000E-02 8.2666E-01 1.1705E-01 5.8982E-02 5.8073E-02 -6.0991E-02 4.0147E-01 7.7121E-03   248
4.5000E-02 6.6666E-01 3.2719E-01 1.3754E-01 1.8966E-01 -3.9151E-02 4.0146E-01 2.4129E-02   248
4.5000E-02 6.5263E-01 3.9078E-01 1.7228E-01 2.1850E-01 -3.6318E-02 4.0148E-01 2.7645E-02   248
4.5000E-02 6.3917E-01 4.5572E-01 2.0702E-01 2.4870E-01 -3.3538E-02 4.0148E-01 3.1291E-02   248
4.5000E-02 6.2626E-01 5.2109E-01 2.3503E-01 2.8607E-01 -3.0500E-02 4.0124E-01 3.5774E-02   285
4.5000E-02 6.1386E-01 6.1500E-01 2.8227E-01 3.3273E-01 -2.7695E-02 4.0126E-01 4.1380E-02   285
4.5000E-02 6.0194E-01 7.3787E-01 3.5125E-01 3.8662E-01 -2.5037E-02 4.0127E-01 4.7827E-02   285
4.5000E-02 5.9047E-01 8.8114E-01 4.3134E-01 4.4980E-01 -2.2022E-02 4.0128E-01 5.5306E-02   285
4.5000E-02 5.7943E-01 1.0672E+00 5.3750E-01 5.2974E-01 -1.8732E-02 4.0130E-01 6.4710E-02   285
4.5000E-02 5.6880E-01 1.3244E+00 6.9548E-01 6.2893E-01 -1.5317E-02 4.0133E-01 7.6311E-02   285
4.5000E-02 5.5855E-01 1.6755E+00 9.2730E-01 7.4820E-01 -1.1697E-02 4.0135E-01 9.0134E-02   285
4.5000E-02 8.0519E-01 1.2368E-01 5.7059E-02 6.6623E-02 -6.1472E-02 4.0147E-01 8.8523E-03   248
4.5000E-02 5.4867E-01 2.1390E+00 1.2558E+00 8.8321E-01 -7.8783E-03 4.0138E-01 1.0559E-01   285
4.5000E-02 5.3913E-01 2.7196E+00 1.7006E+00 1.0191E+00 -3.7678E-03 4.0140E-01 1.2082E-01   285
4.5000E-02 5.2991E-01 3.3403E+00 2.2300E+00 1.1103E+00  7.6354E-04 4.0143E-01 1.3038E-01   285
4.5000E-02 5.2100E-01 3.7747E+00 2.6890E+00 1.0857E+00  5.9169E-03 4.0145E-01 1.2606E-01   285
4.5000E-02 5.1239E-01 3.7938E+00 2.8664E+00 9.2743E-01  1.1837E-02 4.0149E-01 1.0621E-01   285
4.5000E-02 5.0406E-01 3.4594E+00 2.7367E+00 7.2273E-01  1.8120E-02 4.0155E-01 8.1542E-02   285
4.5000E-02 4.9600E-01 3.0427E+00 2.4779E+00 5.6481E-01  2.3935E-02 4.0164E-01 6.2853E-02   285
4.5000E-02 4.8818E-01 2.7104E+00 2.2352E+00 4.7525E-01  2.8744E-02 4.0173E-01 5.2300E-02   285
4.5000E-02 4.8062E-01 2.4976E+00 2.0587E+00 4.3886E-01  3.2366E-02 4.0179E-01 4.7895E-02   285
4.5000E-02 4.7328E-01 2.3846E+00 1.9482E+00 4.3641E-01  3.4828E-02 4.0184E-01 4.7356E-02   285
4.5000E-02 7.8481E-01 1.4193E-01 6.5282E-02 7.6650E-02 -5.7274E-02 4.0149E-01 1.0107E-02   248
4.5000E-02 4.6616E-01 2.3388E+00 1.8865E+00 4.5234E-01  3.6430E-02 4.0186E-01 4.8893E-02   285
4.5000E-02 4.5925E-01 2.3351E+00 1.8578E+00 4.7731E-01  3.7544E-02 4.0188E-01 5.1441E-02   285
4.5000E-02 4.5255E-01 2.3547E+00 1.8491E+00 5.0562E-01  3.8527E-02 4.0188E-01 5.4344E-02   285
4.5000E-02 4.4604E-01 2.3846E+00 1.8507E+00 5.3391E-01  3.9650E-02 4.0190E-01 5.7208E-02   285
4.5000E-02 4.3971E-01 2.4167E+00 1.8561E+00 5.6069E-01  4.1032E-02 4.0191E-01 5.9855E-02   285
4.5000E-02 4.3356E-01 2.4470E+00 1.8610E+00 5.8598E-01  4.2647E-02 4.0193E-01 6.2291E-02   285
4.5000E-02 4.2758E-01 2.4778E+00 1.8663E+00 6.1153E-01  4.4287E-02 4.0176E-01 6.4719E-02   323
4.5000E-02 4.2176E-01 2.5114E+00 1.8728E+00 6.3862E-01  4.5935E-02 4.0178E-01 6.7292E-02   323
4.5000E-02 4.1610E-01 2.5498E+00 1.8820E+00 6.6783E-01  4.7482E-02 4.0180E-01 7.0076E-02   323
4.5000E-02 4.1059E-01 2.5926E+00 1.8941E+00 6.9844E-01  4.8989E-02 4.0181E-01 7.2986E-02   323
4.5000E-02 7.6543E-01 1.7980E-01 9.2318E-02 8.7482E-02 -5.4636E-02 4.0148E-01 1.1476E-02   248
4.5000E-02 4.0522E-01 2.6386E+00 1.9092E+00 7.2944E-01  5.0544E-02 4.0183E-01 7.5899E-02   323
4.5000E-02 4.0000E-01 2.6849E+00 1.9254E+00 7.5960E-01  5.2230E-02 4.0185E-01 7.8671E-02   323
4.5000E-02 3.9490E-01 2.7294E+00 1.9414E+00 7.8797E-01  5.4134E-02 4.0188E-01 8.1188E-02   323
4.5000E-02 3.8993E-01 2.7699E+00 1.9560E+00 8.1391E-01  5.6282E-02 4.0191E-01 8.3376E-02   323
4.5000E-02 3.8509E-01 2.8040E+00 1.9677E+00 8.3627E-01  5.8749E-02 4.0196E-01 8.5108E-02   323
4.5000E-02 3.8036E-01 2.8327E+00 1.9765E+00 8.5622E-01  6.1450E-02 4.0201E-01 8.6518E-02   323
4.5000E-02 3.7575E-01 2.8554E+00 1.9814E+00 8.7404E-01  6.4357E-02 4.0207E-01 8.7645E-02   323
4.5000E-02 3.7125E-01 2.8749E+00 1.9836E+00 8.9127E-01  6.7364E-02 4.0214E-01 8.8665E-02   323
4.5000E-02 3.6686E-01 2.8922E+00 1.9834E+00 9.0877E-01  7.0412E-02 4.0221E-01 8.9679E-02   323
4.5000E-02 3.6257E-01 2.9098E+00 1.9821E+00 9.2773E-01  7.3416E-02 4.0228E-01 9.0818E-02   323
4.5000E-02 7.4698E-01 1.9692E-01 9.9589E-02 9.7333E-02 -5.2177E-02 4.0144E-01 1.2703E-02   248
4.5000E-02 3.5838E-01 2.9283E+00 1.9800E+00 9.4836E-01  7.6357E-02 4.0235E-01 9.2104E-02   323
4.5000E-02 3.5428E-01 2.9494E+00 1.9780E+00 9.7137E-01  7.9166E-02 4.0242E-01 9.3616E-02   323
4.5000E-02 3.5028E-01 2.9729E+00 1.9765E+00 9.9647E-01  8.1837E-02 4.0248E-01 9.5324E-02   323
4.5000E-02 3.4636E-01 3.0000E+00 1.9757E+00 1.0243E+00  8.4316E-02 4.0253E-01 9.7294E-02   323
4.5000E-02 3.4254E-01 3.0291E+00 1.9755E+00 1.0536E+00  8.6654E-02 4.0258E-01 9.9398E-02   323
4.5000E-02 3.3879E-01 3.0600E+00 1.9757E+00 1.0843E+00  8.8879E-02 4.0262E-01 1.0162E-01   323
4.5000E-02 3.3513E-01 3.0918E+00 1.9763E+00 1.1155E+00  9.1022E-02 4.0265E-01 1.0387E-01   323
4.5000E-02 3.3155E-01 3.1238E+00 1.9768E+00 1.1470E+00  9.3115E-02 4.0268E-01 1.0610E-01   323
4.5000E-02 3.2804E-01 3.1557E+00 1.9773E+00 1.1785E+00  9.5111E-02 4.0253E-01 1.0830E-01   363
4.5000E-02 3.2460E-01 3.1867E+00 1.9775E+00 1.2092E+00  9.7195E-02 4.0256E-01 1.1038E-01   363
4.5000E-02 7.2941E-01 2.1111E-01 1.0106E-01 1.1005E-01 -4.9056E-02 4.0143E-01 1.4275E-02   248
4.5000E-02 3.2124E-01 3.2163E+00 1.9773E+00 1.2390E+00  9.9315E-02 4.0258E-01 1.1231E-01   363
4.5000E-02 3.1794E-01 3.2444E+00 1.9766E+00 1.2678E+00  1.0149E-01 4.0260E-01 1.1410E-01   363
4.5000E-02 3.1472E-01 3.2700E+00 1.9753E+00 1.2948E+00  1.0378E-01 4.0262E-01 1.1564E-01   363
4.5000E-02 3.1155E-01 3.2933E+00 1.9734E+00 1.3199E+00  1.0620E-01 4.0265E-01 1.1692E-01   363
4.5000E-02 3.0845E-01 3.3135E+00 1.9710E+00 1.3425E+00  1.0880E-01 4.0268E-01 1.1790E-01   363
4.5000E-02 3.0541E-01 3.3304E+00 1.9681E+00 1.3624E+00  1.1160E-01 4.0273E-01 1.1852E-01   363
4.5000E-02 3.0243E-01 3.3446E+00 1.9648E+00 1.3799E+00  1.1457E-01 4.0278E-01 1.1884E-01   363
4.5000E-02 2.9951E-01 3.3561E+00 1.9611E+00 1.3950E+00  1.1772E-01 4.0283E-01 1.1886E-01   363
4.5000E-02 2.9665E-01 3.3650E+00 1.9572E+00 1.4078E+00  1.2103E-01 4.0290E-01 1.1859E-01   363
4.5000E-02 2.9383E-01 3.3715E+00 1.9530E+00 1.4185E+00  1.2453E-01 4.0298E-01 1.1805E-01   363
4.5000E-02 7.1264E-01 2.2822E-01 1.0227E-01 1.2595E-01 -4.6393E-02 4.0143E-01 1.6253E-02   248
4.5000E-02 2.9107E-01 3.3757E+00 1.9487E+00 1.4270E+00  1.2821E-01 4.0307E-01 1.1723E-01   363
4.5000E-02 2.8837E-01 3.3778E+00 1.9443E+00 1.4334E+00  1.3204E-01 4.0318E-01 1.1617E-01   363
4.5000E-02 2.8571E-01 3.3778E+00 1.9399E+00 1.4379E+00  1.3607E-01 4.0330E-01 1.1486E-01   363
4.5000E-02 2.8310E-01 3.3759E+00 1.9355E+00 1.4404E+00  1.4028E-01 4.0343E-01 1.1331E-01   363
4.5000E-02 2.8054E-01 3.3724E+00 1.9312E+00 1.4412E+00  1.4467E-01 4.0359E-01 1.1154E-01   363
4.5000E-02 2.7802E-01 3.3672E+00 1.9270E+00 1.4402E+00  1.4926E-01 4.0376E-01 1.0956E-01   363
4.5000E-02 6.9662E-01 2.5735E-01 1.1343E-01 1.4392E-01 -4.3985E-02 4.0144E-01 1.8484E-02   248
4.5000E-02 6.8131E-01 2.8799E-01 1.2349E-01 1.6450E-01 -4.1961E-02 4.0145E-01 2.1042E-02   248
