1.7400E-01 8.2666E-01  8.1335E+00  8.6560E-02  8.0470E+00
1.7400E-01 6.6666E-01  7.9416E+00  1.7747E-01  7.7641E+00
1.7400E-01 6.5263E-01  7.9012E+00  1.9960E-01  7.7016E+00
1.7400E-01 6.3917E-01  7.8543E+00  2.2728E-01  7.6270E+00
1.7400E-01 6.2626E-01  7.8039E+00  2.5859E-01  7.5454E+00
1.7400E-01 6.1386E-01  7.7430E+00  2.9457E-01  7.4485E+00
1.7400E-01 6.0194E-01  7.6706E+00  3.3927E-01  7.3313E+00
1.7400E-01 5.9047E-01  7.5860E+00  3.9319E-01  7.1928E+00
1.7400E-01 5.7943E-01  7.4846E+00  4.5876E-01  7.0258E+00
1.7400E-01 5.6880E-01  7.3645E+00  5.3825E-01  6.8262E+00
1.7400E-01 5.5855E-01  7.2203E+00  6.3541E-01  6.5849E+00
1.7400E-01 8.0519E-01  8.1228E+00  9.1266E-02  8.0316E+00
1.7400E-01 5.4867E-01  7.0484E+00  7.5438E-01  6.2940E+00
1.7400E-01 5.3913E-01  6.8410E+00  9.0197E-01  5.9391E+00
1.7400E-01 5.2991E-01  6.5984E+00  1.0840E+00  5.5144E+00
1.7400E-01 5.2100E-01  6.3311E+00  1.3020E+00  5.0290E+00
1.7400E-01 5.1239E-01  6.0653E+00  1.5483E+00  4.5169E+00
1.7400E-01 5.0406E-01  5.8536E+00  1.7982E+00  4.0554E+00
1.7400E-01 4.9600E-01  5.7463E+00  2.0170E+00  3.7293E+00
1.7400E-01 4.8818E-01  5.7595E+00  2.1813E+00  3.5782E+00
1.7400E-01 4.8062E-01  5.8687E+00  2.2864E+00  3.5823E+00
1.7400E-01 4.7328E-01  6.0282E+00  2.3436E+00  3.6846E+00
1.7400E-01 7.8481E-01  8.1100E+00  9.6789E-02  8.0132E+00
1.7400E-01 4.6616E-01  6.1921E+00  2.3708E+00  3.8214E+00
1.7400E-01 4.5925E-01  6.3356E+00  2.3821E+00  3.9535E+00
1.7400E-01 4.5255E-01  6.4509E+00  2.3873E+00  4.0636E+00
1.7400E-01 4.4604E-01  6.5410E+00  2.3923E+00  4.1487E+00
1.7400E-01 4.3971E-01  6.6133E+00  2.3997E+00  4.2135E+00
1.7400E-01 4.3356E-01  6.6767E+00  2.4097E+00  4.2671E+00
1.7400E-01 4.2758E-01  6.7368E+00  2.4197E+00  4.3171E+00
1.7400E-01 4.2176E-01  6.7963E+00  2.4283E+00  4.3680E+00
1.7400E-01 4.1610E-01  6.8535E+00  2.4346E+00  4.4190E+00
1.7400E-01 4.1059E-01  6.9055E+00  2.4393E+00  4.4662E+00
1.7400E-01 7.6543E-01  8.0949E+00  1.0326E-01  7.9916E+00
1.7400E-01 4.0522E-01  6.9490E+00  2.4436E+00  4.5054E+00
1.7400E-01 4.0000E-01  6.9846E+00  2.4487E+00  4.5359E+00
1.7400E-01 3.9490E-01  7.0126E+00  2.4558E+00  4.5569E+00
1.7400E-01 3.8993E-01  7.0349E+00  2.4652E+00  4.5697E+00
1.7400E-01 3.8509E-01  7.0518E+00  2.4781E+00  4.5738E+00
1.7400E-01 3.8036E-01  7.0674E+00  2.4933E+00  4.5742E+00
1.7400E-01 3.7575E-01  7.0842E+00  2.5106E+00  4.5737E+00
1.7400E-01 3.7125E-01  7.1043E+00  2.5286E+00  4.5758E+00
1.7400E-01 3.6686E-01  7.1292E+00  2.5465E+00  4.5827E+00
1.7400E-01 3.6257E-01  7.1593E+00  2.5633E+00  4.5960E+00
1.7400E-01 7.4698E-01  8.0771E+00  1.1101E-01  7.9661E+00
1.7400E-01 3.5838E-01  7.1941E+00  2.5787E+00  4.6155E+00
1.7400E-01 3.5428E-01  7.2331E+00  2.5919E+00  4.6412E+00
1.7400E-01 3.5028E-01  7.2747E+00  2.6029E+00  4.6718E+00
1.7400E-01 3.4636E-01  7.3186E+00  2.6110E+00  4.7076E+00
1.7400E-01 3.4254E-01  7.3622E+00  2.6168E+00  4.7454E+00
1.7400E-01 3.3879E-01  7.4053E+00  2.6205E+00  4.7848E+00
1.7400E-01 3.3513E-01  7.4459E+00  2.6223E+00  4.8236E+00
1.7400E-01 3.3155E-01  7.4840E+00  2.6227E+00  4.8613E+00
1.7400E-01 3.2804E-01  7.5192E+00  2.6216E+00  4.8976E+00
1.7400E-01 3.2460E-01  7.5510E+00  2.6196E+00  4.9313E+00
1.7400E-01 7.2941E-01  8.0567E+00  1.2007E-01  7.9366E+00
1.7400E-01 3.2124E-01  7.5794E+00  2.6169E+00  4.9625E+00
1.7400E-01 3.1794E-01  7.6049E+00  2.6136E+00  4.9914E+00
1.7400E-01 3.1472E-01  7.6269E+00  2.6103E+00  5.0166E+00
1.7400E-01 3.1155E-01  7.6457E+00  2.6073E+00  5.0384E+00
1.7400E-01 3.0845E-01  7.6610E+00  2.6049E+00  5.0560E+00
1.7400E-01 3.0541E-01  7.6727E+00  2.6036E+00  5.0691E+00
1.7400E-01 3.0243E-01  7.6814E+00  2.6030E+00  5.0784E+00
1.7400E-01 2.9951E-01  7.6873E+00  2.6029E+00  5.0844E+00
1.7400E-01 2.9665E-01  7.6905E+00  2.6034E+00  5.0871E+00
1.7400E-01 2.9383E-01  7.6913E+00  2.6044E+00  5.0869E+00
1.7400E-01 7.1264E-01  8.0332E+00  1.3098E-01  7.9022E+00
1.7400E-01 2.9107E-01  7.6898E+00  2.6058E+00  5.0839E+00
1.7400E-01 2.8837E-01  7.6860E+00  2.6077E+00  5.0783E+00
1.7400E-01 2.8571E-01  7.6801E+00  2.6099E+00  5.0702E+00
1.7400E-01 2.8310E-01  7.6723E+00  2.6124E+00  5.0598E+00
1.7400E-01 2.8054E-01  7.6625E+00  2.6152E+00  5.0473E+00
1.7400E-01 2.7802E-01  7.6509E+00  2.6182E+00  5.0327E+00
1.7400E-01 6.9662E-01  8.0069E+00  1.4376E-01  7.8632E+00
1.7400E-01 6.8131E-01  7.9761E+00  1.5922E-01  7.8169E+00
